Seed: 1787903174
0.680128 0.024498 2.98197 -1 0
0.680128 0.024498 1.93477 0 1.0472
0.502131 0.491742 1.93477 1 1.5472
0.680128 0.024498 2.61895 0 0.363022
0.246877 0.274084 2.61895 3 0.863022
0.680128 0.024498 2.48763 1 1.60005
0.575689 0.104548 2.48763 5 1.73164
-0.186375 0.523671 2.61895 4 1.36302
0.186484 0.103971 2.98197 0 0.5
0.680128 0.024498 1.57175 3 1.41022
0.502131 0.491742 2.24713 2 1.85955
0.189163 0.881679 2.24713 10 2.35955
0.67965 0.524498 1.57175 9 1.91022
0.680128 0.024498 -2.25402 0 1.0472
0.549385 -0.136119 -2.25402 13 1.2543
0.346608 0.0781919 2.98197 0 0.337814
0.680128 0.024498 -1.20682 13 2.0944
0.722866 -0.0876899 -1.20682 16 2.21445
0.186484 0.103971 1.93477 8 1.5472
0.0084876 0.571215 1.93477 18 2.0472
0.549385 -0.136119 -2.83041 14 1.83069
0.0733995 -0.289212 -2.83041 20 2.33069
0.246877 0.274084 -2.61704 4 1.91022
-0.185897 0.023671 -2.61704 22 2.41022
0.306439 0.084659 2.98197 0 0.378501
0.0084876 0.571215 2.15849 19 2.27091
-0.0562046 0.668319 2.15849 25 2.38759
0.417709 -0.297883 -2.25402 13 1.46288
0.680128 0.024498 2.34335 9 2.18182
0.566562 0.141019 2.34335 28 2.34453
0.306439 0.084659 -2.25402 24 1.4257
0.21235 -0.0309288 -2.25402 30 1.57474
0.680128 0.024498 0.887575 1 2.0944
0.995775 0.41227 0.887575 32 2.5944
0.417709 -0.297883 -2.74244 27 1.9513
0.75911 -0.182833 -1.20682 16 2.31626
0.549385 -0.136119 -2.01777 14 1.49054
0.246877 0.274084 1.57175 4 1.91022
0.24671 0.448083 1.57175 37 2.08422
0.246233 0.948083 1.57175 38 2.58422
0.186484 0.103971 -2.25402 8 1.5472
-0.104517 -0.253524 -2.25402 40 2.00816
0.680128 0.024498 0.898998 9 2.08297
0.74817 0.110065 0.898998 42 2.1923
0.680128 0.024498 1.82465 9 1.66312
0.619212 0.259284 1.82465 44 1.90568
0.246605 0.558107 1.57175 38 2.19424
0.600826 0.232668 1.93477 1 1.26996
0.186484 0.103971 0.973681 18 2.50829
-0.116805 0.152798 2.98197 8 0.807194
0.245272 0.0945063 2.98197 0 0.440455
0.346608 0.0781919 1.93477 15 1.38501
0.168612 0.545436 1.93477 51 1.88501
0.306439 0.084659 -1.20682 30 2.4729
-0.116805 0.152798 1.93477 49 1.85439
-0.294801 0.620042 1.93477 54 2.35439
0.409104 0.302574 2.34335 29 2.57012
0.24663 0.532006 1.57175 37 2.16814
0.561193 0.336705 1.93477 1 1.38129
0.867154 0.259696 0.898998 43 2.38347
-0.116805 0.152798 -2.43568 49 1.67273
-0.290827 0.00445193 -2.43568 60 1.9014
0.246877 0.274084 2.90542 4 1.14949
0.142927 0.299102 2.90542 62 1.25641
-0.116805 0.152798 2.62747 49 1.16169
-0.23417 0.219084 2.62747 64 1.29648
0.246399 0.774084 1.57175 37 2.41022
-0.116805 0.152798 1.99035 49 1.79881
-0.276383 0.510563 1.99035 67 2.19055
0.186484 0.103971 -3.04824 8 0.752976
0.0456084 0.0907811 -3.04824 69 0.894467
0.96147 0.370126 0.887575 32 2.54005
0.186484 0.103971 2.18775 69 1.80017
-0.102792 0.511793 2.18775 72 2.30017
0.541492 0.38842 1.93477 1 1.43663
0.790256 -0.264591 -1.20682 16 2.40375
0.346608 0.0781919 -2.25402 15 1.38501
0.0439686 -0.2936 -2.25402 76 1.86441
0.0456084 0.0907811 2.18775 70 1.94167
-0.200441 0.437663 2.18775 78 2.36695
-0.0421488 0.426299 2.18775 72 2.19535
0.235028 0.371094 1.93477 51 1.69845
-0.116805 0.152798 2.1432 49 1.64596
-0.239215 0.342767 2.1432 82 1.87195
0.680128 0.024498 -2.61704 3 1.41022
0.59117 -0.026975 -2.61704 84 1.513
0.590776 0.259048 1.93477 1 1.29819
0.527433 0.425324 1.93477 1 1.47612
0.246652 0.508739 1.57175 37 2.14487
0.797937 -0.284754 -1.20682 16 2.42533
0.536113 0.402538 1.93477 1 1.45174
-0.243668 0.498604 2.18775 78 2.44167
0.679977 0.182741 1.57175 9 1.56846
0.76395 -0.195538 -1.20682 16 2.32986
-0.151303 0.811064 2.15849 26 2.55911
-0.186375 0.523671 2.32762 7 1.65436
-0.299783 0.643753 2.32762 95 1.81953
0.504963 0.48431 1.93477 1 1.53924
-0.186375 0.523671 2.06662 7 1.91535
-0.266146 0.671153 2.06662 98 2.08303
0.536113 0.402538 2.98197 90 2.49894
0.186484 0.103971 2.79029 18 2.40272
0.055083 0.152129 2.79029 101 2.54267
0.59117 -0.026975 -2.20712 85 1.92291
0.468639 -0.192816 -2.20712 103 2.12911
-0.0677982 0.462459 2.18775 72 2.23969
0.302227 0.194695 1.93477 51 1.50968
0.246625 0.53737 1.57175 37 2.17351
0.0428954 -0.0724277 -2.25402 40 1.77465
0.246877 0.274084 1.62739 4 1.85458
0.230765 0.558459 1.62739 109 2.13941
0.590776 0.259048 2.98197 86 2.34539
0.445429 0.282447 2.98197 111 2.49261
0.680128 0.024498 2.58773 9 2.4262
0.186484 0.103971 -2.00104 69 1.80017
0.106345 -0.0706555 -2.00104 114 1.99231
0.389544 -0.143641 -2.61704 85 1.74594
-0.116805 0.152798 -2.68339 49 1.42502
-0.298218 0.0633224 -2.68339 117 1.6273
0.679977 0.182741 1.97056 92 1.96727
-0.116805 0.152798 2.5526 117 2.47222
0.186484 0.103971 -1.96384 40 1.83738
0.186484 0.103971 2.23917 69 1.74875
0.142927 0.299102 1.92059 63 2.24124
0.0808636 0.469233 1.92059 123 2.42234
0.472658 -0.230379 -2.25402 13 1.37584
0.540011 0.392308 1.93477 1 1.44079
0.21235 -0.0309288 -1.57888 31 2.24988
0.210987 -0.199578 -1.57888 127 2.41853
0.0456084 0.0907811 -2.00104 70 1.94167
-0.00448973 -0.0183845 -2.00104 129 2.06178
0.549385 -0.136119 -1.20682 14 2.3015
-0.116805 0.152798 2.53642 49 1.25274
0.0359825 0.152056 -2.61704 22 2.15387
0.102132 -0.222147 -2.25402 76 1.77227
0.246877 0.274084 1.74921 4 1.73276
0.973951 0.385459 0.887575 32 2.55982
0.427495 0.0651699 2.98197 0 0.255886
